ПОгрешность при сшивке справа
N = 9
k = -0.5, x = 39, d = 1.1102230246251565e-16
k = 0.5, x = 35, d = 4.4408920985006262e-16
k = 1.5, x = 33, d = 0
k = 2.5, x = 30, d = 5.5511151231257827e-16
k = 3.5, x = 29, d = 2.2204460492503131e-16

N = 10
k = -0.5, x = 39, d = 4.4408920985006262e-16
k = 0.5, x = 35, d = 4.4408920985006262e-16
k = 1.5, x = 33, d = 3.3306690738754696e-16
k = 2.5, x = 30, d = 5.5511151231257827e-16
k = 3.5, x = 29, d = 2.2204460492503131e-16


Скорость убывания коэффициентов
A(12)/A(11) = 0.35979598269371349
A(11)/A(10) = 0.29449000647925794
A(10)/A(9) = 0.23571495956317631
A(9)/A(8) = 0.18347148367796956
A(8)/A(7) = 0.13776138321096412
A(7)/A(6) = 0.098589322162949314
A(6)/A(5) = 0.065962228446085971
k = 0.5 I(35) = 138.18098265902455